1.000002561718785765e+00
-1.055148641108487155e-03
-4.221474306048965701e-04
-1.438616791456653221e+00
1.443850427893320354e-01
-3.295895510793388494e-01
2.799409081327338900e+00
7.042917839438330718e-01
-2.155014123441959306e+00
4.654061495313586150e-01
-1.604383488940187519e+01
-2.456756867494093655e+01
2.840481267690693912e+01
-2.737877796422434784e+00
-2.000232503330586775e-01
5.413406382290928320e+01
1.491157289756870910e+02
-1.100303015394527364e+02
-2.758211415492885976e+01
9.772231801237611037e+00
-6.038266898707388419e-01
-1.125498721222093792e+02
-4.378359809686419339e+02
2.063171702438240800e+02
1.391810192318873476e+02
9.887906803546606227e+00
-1.419329583636597647e+01
1.859581168821011987e+00
1.488161583542458288e+02
7.370051205901330604e+02
-2.208362659922597118e+02
-2.205685844389560089e+02
-1.213122583063388618e+02
1.351423868807213324e+01
1.314772869111281572e+01
-3.320169123520374743e+00
-1.211466841263888057e+02
-7.298125076827204794e+02
1.451080417254673591e+02
1.493633939475881220e+02
1.880582709170488727e+02
4.182163224768296317e+01
-1.401521457793697323e+01
-9.096384885291431743e+00
3.605000919238261048e+00
5.512739777892618065e+01
3.957824851226233136e+02
-5.250278718562842784e+01
-5.030606001785756121e+01
-8.799836102348888289e+01
-8.379698214538281320e+01
1.193598530360506516e+01
-1.345893808331736663e+00
5.586383356983056991e+00
-2.214150739459196160e+00
-1.069692349346610527e+01
-9.053499658619598733e+01
5.995869509794752084e+00
1.125057431779557504e+01
4.049217618102015415e+00
3.794244750524830323e+01
-3.470253831705898406e+00
2.326332823431068952e+00
-7.616115588414893445e-01
-1.018865057729920309e+00
5.120628910629827502e-01
7.878775745764513005e-02
8.999739885868238787e+01
6.339611570451110165e-04
4.440314393636121681e-02
-5.525693181707203028e-02
5.416531414251187115e+00
-1.004701079287782584e+01
4.872504157300210359e+00
-9.586981840422942014e+01
1.847495977946896630e+02
-4.221227511436999436e+01
-1.280144792464628800e+01
6.166364311359058092e+02
-1.026931905615217374e+03
-1.927500599338142422e+02
2.283082566360964734e+02
2.777071128533259525e+01
-2.048449739984249845e+03
2.804100237061653843e+03
2.194706441429031656e+03
-6.300643017896071569e+02
-4.370639747954827499e+02
-6.517726226433467218e+01
3.960470262298720627e+03
-4.377172384894020070e+03
-6.553397421195835705e+03
-8.868010992685833571e+02
1.666912232987591551e+03
5.145638478825934499e+02
1.180403365016723711e+02
-4.637875312930603286e+03
4.344743769545618306e+03
8.968246584208824061e+03
5.838117847167631226e+03
-2.111489360067393591e+03
-1.546604758830829724e+03
-4.641430244371421168e+02
-1.383997142065496746e+02
3.246214324071205738e+03
-3.037827042123009051e+03
-5.849070276372473018e+03
-9.017913025187122912e+03
4.029666100398742969e+02
1.604215323144536796e+03
1.053334063177380358e+03
2.359675590826157361e+02
1.072031562116698638e+02
-1.250947726810264612e+03
1.488289163417639884e+03
1.481767782709848007e+03
5.810364056024487581e+03
1.157002726357708298e+03
-7.785933459190799795e+02
-5.861105754937160555e+02
-4.479898383639691701e+02
-4.910906132535937729e+01
-4.945513480643806759e+01
2.043605460063437818e+02
-3.690556368096605411e+02
-1.313844800930699819e+01
-1.333953746028641717e+03
-6.844297075665620014e+02
2.105177286073724190e+02
-6.450995733787945774e+00
2.137607636044817525e+02
3.423224244478148393e+01
1.144047756206211730e+01
8.899510471127467071e+00
3.157696401749924414e-02
4.458259629563542603e+01
1.527814510911663204e+00
4.247047950312859754e+00
6.966281389714056971e+00
9.685514829115250635e+00
1.240474826851644963e+01
1.512398170791764684e+01
1.784321514731884051e+01
2.056244858672003772e+01
2.328168202612123494e+01
2.600091546552242860e+01
2.872014890492362937e+01
3.143938234432482304e+01
3.415861578372602025e+01
3.687784922312721392e+01
3.959708266252841469e+01
4.231631610192960835e+01
4.503554954133080912e+01
4.775478298073200278e+01
5.047401642013320355e+01
5.319324985953439722e+01
5.591248329893559799e+01
5.863171673833679165e+01
6.135095017773797821e+01
6.407018361713917898e+01
6.678941705654037264e+01
6.950865049594158052e+01
7.222788393534277418e+01
7.494711737474396784e+01
7.766635081414516151e+01
8.038558425354636938e+01
8.310481769294756305e+01
8.582405113234875671e+01
8.854328457174995037e+01
2.040548998774229794e+00
3.627228691715521869e+00
4.428435905942105677e+00
4.637959055942291187e+00
4.698778977875724294e+00
4.696495573946771529e+00
4.673973233647866543e+00
4.638265665943381855e+00
4.606126796997066286e+00
4.543422288812067222e+00
4.490599362865571820e+00
4.427804515745554781e+00
4.354062715536979766e+00
4.268505016026802323e+00
4.221078033249237471e+00
4.116659587915432184e+00
3.999432000207056248e+00
3.936111847560667343e+00
3.800569790137775961e+00
3.654299736484493799e+00
3.577718649108986515e+00
3.419142696742810905e+00
3.432942680319012396e+00
3.446456969902008893e+00
3.440743601601818469e+00
3.416073515202675992e+00
3.346272078137167316e+00
3.280890911435094814e+00
3.161186810945607384e+00
2.976274676258995555e+00
2.685762728176607883e+00
2.232251994379936821e+00
1.531576964017499209e+00
1.527814510911663204e+00
4.247047950312859754e+00
6.966281389714056971e+00
9.685514829115250635e+00
1.240474826851644963e+01
1.512398170791764684e+01
1.784321514731884051e+01
2.056244858672003772e+01
2.328168202612123494e+01
2.600091546552242860e+01
2.872014890492362937e+01
3.143938234432482304e+01
3.415861578372602025e+01
3.687784922312721392e+01
3.959708266252841469e+01
4.231631610192960835e+01
4.503554954133080912e+01
4.775478298073200278e+01
5.047401642013320355e+01
5.319324985953439722e+01
5.591248329893559799e+01
5.863171673833679165e+01
6.135095017773797821e+01
6.407018361713917898e+01
6.678941705654037264e+01
6.950865049594158052e+01
7.222788393534277418e+01
7.494711737474396784e+01
7.766635081414516151e+01
8.038558425354636938e+01
8.310481769294756305e+01
8.582405113234875671e+01
8.854328457174995037e+01
6.760542907978097205e+00
1.527231182643775753e+01
2.066572525608438227e+01
2.482648256292730338e+01
2.815821832342638587e+01
3.155681756691349449e+01
3.378550837941035212e+01
3.486805936020295604e+01
3.693003598539410604e+01
3.879785906373243165e+01
3.963721389587104937e+01
4.108439422386989293e+01
4.167650509084985799e+01
4.217163181332291799e+01
4.256391460279190397e+01
4.302221316579358046e+01
4.308259629563542603e+01
4.298559528167412225e+01
4.277187838012466159e+01
4.244355273658409544e+01
4.145829171795607238e+01
4.081200556986505035e+01
4.007210139740625721e+01
3.834256331041762422e+01
3.736975718496279342e+01
3.525193691605137758e+01
3.341203126144046109e+01
3.116562708014375715e+01
2.812503833993746483e+01
2.512790457744484840e+01
2.096209656245572717e+01
1.560781471480623139e+01
7.355546203825205964e+00
