1.524906230617941449e-01
4.584365957466125074e+00
1.217834625769014384e-01
6.035046642223328917e+01
9.506759354774836179e-05
1.848708775355423495e-01
-4.507038253564579593e-03
-1.080762669184269775e+00
8.747880450254496010e-01
1.048044053701257527e-01
2.521593586488545213e+01
-1.002935023065780662e+01
-4.678266727719543994e+00
-1.088107561853641769e+00
-1.970525998809779367e+02
1.228986643599351858e+01
9.821258550316814251e+01
-1.242079008852254596e+01
1.332327033732729227e+01
8.270564217600734764e+02
2.014728179041040619e+02
-5.981479817002004893e+02
1.537021157778916702e+01
1.916746658992950936e+00
-5.011109322004757871e+01
-2.051150619274410474e+03
-1.090490971829219689e+03
1.840309616809643103e+03
1.030432333763563690e+02
8.072628590974659346e+01
-4.160431402109340837e+01
1.278683845340143392e+02
3.090671039770223160e+03
2.646606414525397213e+03
-3.599613440774965056e+03
1.720239674968069892e+02
-7.057988135854425309e+02
7.712279034977562731e+01
8.328047378972244985e+01
-2.021490886683586723e+02
-2.768293321873411514e+03
-3.500183450134898521e+03
4.502152505125549396e+03
-1.271872569081685015e+03
1.833207694906777306e+03
-3.681726128066663932e+02
1.925422819869727107e+02
-1.648663398576540828e+02
1.982323960180046925e+02
1.351506608999902028e+03
2.409997476986009588e+03
-3.086038263633242423e+03
1.436711505166910911e+03
-1.448412450977961953e+03
-4.505274363541227700e+01
1.175340068122252575e+02
-1.468596543330322106e+02
1.214118072040429155e+02
-1.068522973022280524e+02
-2.760577773373515811e+02
-6.705058518714175761e+02
8.498697251175567544e+02
-4.580618016526662473e+02
2.938832369993012321e+02
2.362942362812039505e+02
-1.750589005563264209e+02
1.048156775131366629e+02
-1.643591725196863607e+01
-1.936365358601623043e+01
2.275917557000493474e+01
1.287943780178328979e+01
7.499945135610143154e+01
-5.435697718597383822e-04
-3.885868166095809983e-02
1.536675414013430607e-01
-4.962193460778155263e+00
3.773060784428154957e+00
-1.490958869333456560e+00
3.346191935993186917e+01
1.183692985393498986e+02
-1.171942423979567138e+02
3.273436745005834325e+01
-8.302045797247090775e+01
-1.278470797364596365e+03
6.129249990966877704e+02
3.011056034934860008e+02
-1.688779783400117083e+02
2.739659606131842224e+02
4.960199366309764628e+03
-6.745116886698308463e+02
-1.417804517320261766e+03
-7.972037119637926708e+02
6.011092682880054099e+02
-1.307078062100659054e+03
-9.367309299262438799e+03
-3.238485776992887622e+03
3.801303952527015554e+03
1.725529616241526810e+03
1.613854000986649680e+03
-1.383452924345802330e+03
3.433586788573083595e+03
9.209459106053387586e+03
1.024512096362518059e+04
-4.016275542112909989e+03
-3.019137206664150199e+03
-2.293222511389636111e+03
-1.973080004301637018e+03
2.016853913161186711e+03
-4.539487397361071999e+03
-4.679249810242553394e+03
-1.025750995836234506e+04
-2.756858980132561101e+03
6.735023092469319636e+03
-3.487652236331539513e+01
2.289773685949337505e+03
1.612321584388085284e+03
-1.844489712474404087e+03
2.941041091765952842e+03
1.266117261988589007e+03
3.073698720364693145e+03
8.061749432103732943e+03
-8.694255405802832684e+03
3.772579713555391209e+03
-3.293743311865249780e+03
3.508523305314867002e+02
-1.176644020105406071e+03
9.949973453427543291e+02
-7.474669141614565433e+02
-2.309605809954276197e+02
3.329538813404590201e+02
-3.844639483876403119e+03
3.513777313089573454e+03
-1.651497600863574235e+03
6.296115026472848513e+02
4.721095235150780809e+02
-2.567756571613535357e+02
3.535103582871672643e+02
-2.345853214279474344e+02
5.517878912564310075e-03
3.085818260255850731e+01
1.330808991830288157e+01
1.520357053654712232e+01
1.709905115479136484e+01
1.899453177303560025e+01
2.089001239127984633e+01
2.278549300952408885e+01
2.468097362776832782e+01
2.657645424601257034e+01
2.847193486425680931e+01
3.036741548250105183e+01
3.226289610074528724e+01
3.415837671898952976e+01
3.605385733723377228e+01
3.794933795547801481e+01
3.984481857372225022e+01
4.174029919196649274e+01
4.363577981021072816e+01
4.553126042845497778e+01
4.742674104669922031e+01
4.932222166494345572e+01
5.121770228318769824e+01
5.311318290143194076e+01
5.500866351967618328e+01
5.690414413792041870e+01
5.879962475616465412e+01
6.069510537440889664e+01
6.259058599265313205e+01
6.448606661089738168e+01
6.638154722914161709e+01
6.827702784738586672e+01
7.017250846563010214e+01
7.206798908387433755e+01
7.396346970211858718e+01
9.216875290674669818e-01
2.140658894432828419e+00
3.130575483503063694e+00
3.630578542159682787e+00
4.021098568051263200e+00
4.196469016224027904e+00
4.411874006321752972e+00
4.510564898307702464e+00
4.563087199228416324e+00
4.562107426018063627e+00
4.539917020691214056e+00
4.450692886652577229e+00
4.383835005469801871e+00
4.302716071656308650e+00
4.208104311824692800e+00
3.982743480809803227e+00
3.854713569039504684e+00
3.718549757556104840e+00
3.575969019156931772e+00
3.278625022997853300e+00
3.127338518354361163e+00
2.976492821155445778e+00
2.681867565750129856e+00
2.540528452481943589e+00
2.274466381892963351e+00
2.034550075837890937e+00
1.823153233723728839e+00
1.686947303960420363e+00
1.567174509941680949e+00
1.423017794679993564e+00
1.273054450533222415e+00
1.047927658940944529e+00
7.555178789125642780e-01
1.330808991830288157e+01
1.520357053654712232e+01
1.709905115479136484e+01
1.899453177303560025e+01
2.089001239127984633e+01
2.278549300952408885e+01
2.468097362776832782e+01
2.657645424601257034e+01
2.847193486425680931e+01
3.036741548250105183e+01
3.226289610074528724e+01
3.415837671898952976e+01
3.605385733723377228e+01
3.794933795547801481e+01
3.984481857372225022e+01
4.174029919196649274e+01
4.363577981021072816e+01
4.553126042845497778e+01
4.742674104669922031e+01
4.932222166494345572e+01
5.121770228318769824e+01
5.311318290143194076e+01
5.500866351967618328e+01
5.690414413792041870e+01
5.879962475616465412e+01
6.069510537440889664e+01
6.259058599265313205e+01
6.448606661089738168e+01
6.638154722914161709e+01
6.827702784738586672e+01
7.017250846563010214e+01
7.206798908387433755e+01
7.396346970211858718e+01
5.390380147786427045e+00
1.115425129291477191e+01
1.514195320273181800e+01
1.791801478256654789e+01
2.014215653735023892e+01
2.167566784755431897e+01
2.314751058148919682e+01
2.461788182858259333e+01
2.600522910774772356e+01
2.726159065172321760e+01
2.782564175269766338e+01
2.833905324801365921e+01
2.919185850606319477e+01
2.921936986547643400e+01
2.921195331933243367e+01
2.919614911620293540e+01
2.917101323753445996e+01
2.917387571948810532e+01
2.921368666534247538e+01
2.923676129069958662e+01
2.913580155559046503e+01
2.852590012601176994e+01
2.801129254409640268e+01
2.711192811314158391e+01
2.613189103424489801e+01
2.488496722545252737e+01
2.379420475002874014e+01
2.223746519637945340e+01
2.020200279768497609e+01
1.798822677430828065e+01
1.501097298161899651e+01
1.143287075126164254e+01
5.716710890781829590e+00
