1.000001940555987234e+00
-9.983451100282357462e-04
-4.152994138606935955e-04
-1.417582900402760693e+00
1.242110372383772726e-01
-3.271864295568799874e-01
2.444166492839708660e+00
8.887145474422271096e-01
-2.037632050801605921e+00
4.442898952823373659e-01
-1.361799149160545852e+01
-2.502104914405743230e+01
2.728409137916172966e+01
-3.084664913015616516e+00
-1.131564352518222294e-01
4.520173439044080510e+01
1.483053692062877360e+02
-1.060688280409459594e+02
-2.457857321372779680e+01
1.036087823842436428e+01
-8.094428613912451054e-01
-9.296081604192129078e+01
-4.312961386222748956e+02
1.996650993122957800e+02
1.301655524723803694e+02
5.202268715953063172e+00
-1.474957936203318098e+01
2.155517653357469587e+00
1.224290152160301233e+02
7.224313884405348745e+02
-2.161314330989726216e+02
-2.070660081768196221e+02
-1.103669061407117056e+02
1.794113741890324931e+01
1.338855557662848561e+01
-3.580951162344735206e+00
-9.970695776912729968e+01
-7.136834020413782582e+02
1.455876283232314847e+02
1.389474292259398283e+02
1.758007770507803684e+02
3.434880681421888227e+01
-1.651994580207438190e+01
-9.080983314437915510e+00
3.740691599359490027e+00
4.547749768098540812e+01
3.867259388708598067e+02
-5.489214714003118445e+01
-4.672669467898385420e+01
-8.112606966663376795e+01
-7.873506792462904968e+01
1.488698263012058121e+01
-6.435050656703071859e-01
5.547171710902710551e+00
-2.252231777207418073e+00
-8.848024148120568810e+00
-8.847404312935796611e+01
6.892170130170982567e+00
1.096748205107324381e+01
2.485326304877823578e+00
3.673612850940912722e+01
-4.529418162496527955e+00
1.934360498350793378e+00
-8.675912680242017228e-01
-1.003624563645546308e+00
5.155848880844020599e-01
7.878775806517671065e-02
8.999739885891489166e+01
6.736209982183377328e-04
4.851248693779202509e-02
-5.719083775045666340e-02
4.620379701225484581e+00
-9.474839000667580891e+00
4.821049252022469922e+00
-8.407745063986999412e+01
1.816867022348286298e+02
-4.649082318827309734e+01
-1.219278409073442404e+01
5.402548691267858203e+02
-1.031075945862427716e+03
-1.666276817948003952e+02
2.450104000886838946e+02
2.473252267418780903e+01
-1.774432638004786440e+03
2.885537252456512306e+03
2.139338907036598357e+03
-7.206784926706815213e+02
-4.746450452038899357e+02
-5.684940477531101521e+01
3.367809677706257389e+03
-4.675702336371428828e+03
-6.538964817709126692e+03
-6.992104033674054335e+02
1.840639820560126964e+03
5.656914781795236422e+02
1.044362352109019980e+02
-3.845636235113270686e+03
4.890643910102508016e+03
9.105165305590770004e+03
5.660508184448308384e+03
-2.403451587307052705e+03
-1.742258648527339574e+03
-5.068106210439834740e+02
-1.248596222616853311e+02
2.605282537518565277e+03
-3.589710493953610239e+03
-6.093847219898503681e+03
-8.975516922961496675e+03
6.469420446654618218e+02
1.839984143257373034e+03
1.185426084926517206e+03
2.567569317013484351e+02
9.923421958480030014e+01
-9.631653430911817395e+02
1.783139391668875305e+03
1.653203928526043683e+03
5.858004996906695851e+03
1.053620085131414726e+03
-8.965840140655442383e+02
-6.953926197628560431e+02
-4.939505150850608288e+02
-5.493116526104587649e+01
-4.690802754361647686e+01
1.492955502572125681e+02
-4.341939344450345288e+02
-5.757365248503241162e+01
-1.360691652601661644e+03
-6.662408109812496377e+02
2.295495496947299898e+02
2.418232429737062361e+01
2.310515312186278152e+02
4.186217050076082558e+01
1.194124937930939545e+01
8.590244817301178060e+00
3.157614971986345137e-02
4.458259629633376875e+01
1.527814511499374195e+00
4.247047950888862999e+00
6.966281390278353136e+00
9.685514829667841497e+00
1.240474826905733252e+01
1.512398170844681999e+01
1.784321514783630747e+01
2.056244858722579494e+01
2.328168202661528596e+01
2.600091546600477344e+01
2.872014890539426446e+01
3.143938234478374838e+01
3.415861578417324296e+01
3.687784922356273398e+01
3.959708266295222501e+01
4.231631610234170182e+01
4.503554954173119285e+01
4.775478298112069098e+01
5.047401642051017490e+01
5.319324985989965882e+01
5.591248329928915695e+01
5.863171673867864087e+01
6.135095017806812479e+01
6.407018361745761581e+01
6.678941705684711394e+01
6.950865049623661207e+01
7.222788393562609599e+01
7.494711737501557991e+01
7.766635081440506383e+01
8.038558425379456196e+01
8.310481769318403167e+01
8.582405113257352980e+01
8.854328457196302793e+01
2.040548995335607074e+00
3.627228691117005965e+00
4.428435904277799651e+00
4.637959063185691733e+00
4.698778977196601758e+00
4.696495573946762647e+00
4.673973233647885195e+00
4.638265665943412053e+00
4.606126796997035200e+00
4.543422288812013043e+00
4.490599362865519417e+00
4.427804515745641822e+00
4.354062715536963779e+00
4.268505016026821863e+00
4.221078033249238359e+00
4.116659587915330931e+00
3.999432000206603277e+00
3.936111847561117649e+00
3.800569790137842130e+00
3.654299736484711847e+00
3.577718649109313365e+00
3.419142696742105247e+00
3.432942680318940454e+00
3.446456969901992906e+00
3.440743601601760737e+00
3.416073515202755928e+00
3.346272078137109141e+00
3.280890911435474067e+00
3.161186810946412518e+00
2.976274676260822538e+00
2.685762728177853109e+00
2.232251994379810256e+00
1.531576149719863444e+00
1.527814511499374195e+00
4.247047950888862999e+00
6.966281390278353136e+00
9.685514829667841497e+00
1.240474826905733252e+01
1.512398170844681999e+01
1.784321514783630747e+01
2.056244858722579494e+01
2.328168202661528596e+01
2.600091546600477344e+01
2.872014890539426446e+01
3.143938234478374838e+01
3.415861578417324296e+01
3.687784922356273398e+01
3.959708266295222501e+01
4.231631610234170182e+01
4.503554954173119285e+01
4.775478298112069098e+01
5.047401642051017490e+01
5.319324985989965882e+01
5.591248329928915695e+01
5.863171673867864087e+01
6.135095017806812479e+01
6.407018361745761581e+01
6.678941705684711394e+01
6.950865049623661207e+01
7.222788393562609599e+01
7.494711737501557991e+01
7.766635081440506383e+01
8.038558425379456196e+01
8.310481769318403167e+01
8.582405113257352980e+01
8.854328457196302793e+01
6.760542869617438555e+00
1.527231182663784992e+01
2.066572525629245405e+01
2.482648256277849796e+01
2.815821832394474100e+01
3.155681756722222531e+01
3.378550840088434626e+01
3.486805938849175845e+01
3.693003603222556563e+01
3.879785913341556380e+01
3.963721394829059363e+01
4.108439417159449647e+01
4.167650504645255438e+01
4.217163174487072297e+01
4.256391461004331234e+01
4.302221316683935015e+01
4.308259629633376875e+01
4.298559529469081752e+01
4.277187838088480731e+01
4.244355273717266641e+01
4.145829171229092935e+01
4.081200556477657670e+01
4.007210139780035263e+01
3.834256334949017031e+01
3.736975717126971830e+01
3.525193692095581355e+01
3.341203128928366084e+01
3.116562702902901805e+01
2.812503835125817631e+01
2.512790457465015592e+01
2.096209669819374710e+01
1.560781467846053161e+01
7.355546165204613018e+00
